[[2803, 684, 2026, 3322, 2312, 1045], [1328, 3277, 1884, 681, 1784, 2984]]
[[2803, 684, 2026, 3322, 2313, 1045], [1328, 3277, 1884, 681, 1784, 2984]]
[[2803, 684, 2026, 3322, 2314, 1045], [1328, 3277, 1884, 681, 1784, 2985]]
[[2803, 684, 2026, 3322, 2314, 1045], [1328, 3277, 1884, 680, 1782, 2985]]
[[2803, 684, 2026, 3318, 2320, 1105], [1328, 3277, 1884, 686, 1758, 2967]]
[[2807, 684, 2026, 3316, 2340, 1245], [1329, 3277, 1883, 691, 1746, 2788]]
[[2807, 684, 2026, 3306, 2346, 1341], [1332, 3277, 1883, 700, 1720, 2547]]
[[2808, 684, 2026, 3296, 2357, 1547], [1334, 3277, 1883, 703, 1706, 2490]]
[[2808, 684, 2026, 3292, 2368, 1415], [1329, 3277, 1883, 709, 1722, 2683]]
[[2808, 684, 2026, 3291, 2360, 1159], [1330, 3276, 1883, 720, 1752, 2928]]
[[2808, 684, 2026, 3293, 2337, 819], [1329, 3275, 1883, 723, 1747, 3174]]
[[2808, 684, 2026, 3294, 2334, 823], [1330, 3277, 1883, 720, 1746, 3191]]
[[2808, 684, 2026, 3295, 2337, 1035], [1331, 3277, 1883, 725, 1741, 2963]]
[[2808, 684, 2026, 3292, 2355, 1291], [1336, 3277, 1883, 743, 1702, 2794]]
[[2808, 684, 2026, 3291, 2376, 1480], [1336, 3277, 1883, 742, 1678, 2611]]
[[2809, 684, 2026, 3292, 2384, 1551], [1336, 3277, 1883, 735, 1670, 2529]]
[[2809, 684, 2026, 3292, 2386, 1450], [1336, 3277, 1883, 735, 1672, 2678]]
[[2809, 684, 2026, 3293, 2383, 1310], [1331, 3277, 1883, 736, 1688, 2877]]
[[2809, 684, 2026, 3297, 2371, 1093], [1330, 3274, 1884, 730, 1710, 3041]]
[[2809, 684, 2026, 3300, 2350, 939], [1330, 3277, 1884, 725, 1738, 3137]]
[[2809, 687, 2026, 3307, 2328, 947], [1330, 3277, 1884, 727, 1743, 3144]]
[[2809, 687, 2026, 3307, 2325, 1035], [1331, 3277, 1883, 734, 1731, 3002]]
[[2809, 685, 2026, 3306, 2354, 1221], [1336, 3277, 1883, 754, 1711, 2804]]
[[2810, 684, 2026, 3300, 2368, 1322], [1336, 3277, 1883, 758, 1674, 2626]]
[[2810, 684, 2026, 3282, 2370, 1545], [1336, 3277, 1883, 765, 1665, 2439]]
[[2810, 684, 2026, 3279, 2383, 1584], [1332, 3277, 1883, 762, 1669, 2493]]
[[2810, 684, 2026, 3275, 2375, 1329], [1330, 3277, 1883, 763, 1704, 2691]]
[[2810, 684, 2026, 3279, 2347, 1123], [1329, 3274, 1883, 750, 1744, 2940]]
[[2810, 684, 2026, 3280, 2315, 1043], [1329, 3277, 1883, 739, 1780, 3037]]
[[2810, 687, 2026, 3291, 2281, 1056], [1329, 3277, 1883, 739, 1789, 3046]]
[[2816, 696, 2024, 3285, 2264, 1069], [1327, 3246, 1885, 743, 1786, 3028]]
[[2857, 852, 2024, 3236, 2258, 1103], [1315, 3055, 1886, 797, 1785, 2980]]
[[2863, 1091, 2024, 3090, 2263, 1103], [1290, 2844, 1886, 941, 1804, 2974]]
[[2852, 1213, 2025, 3000, 2276, 1102], [1290, 2786, 1883, 995, 1817, 2977]]
[[2852, 1156, 2026, 3037, 2283, 1100], [1269, 2875, 1882, 936, 1847, 2988]]
[[2857, 986, 2026, 3119, 2283, 1095], [1269, 3056, 1882, 843, 1862, 3007]]
[[2857, 804, 2026, 3191, 2273, 1086], [1269, 3236, 1882, 775, 1877, 3021]]
[[2857, 707, 2026, 3226, 2266, 1079], [1268, 3298, 1885, 755, 1882, 3016]]
[[2862, 749, 2024, 3217, 2267, 1084], [1268, 3201, 1886, 763, 1876, 2985]]
[[2862, 922, 2024, 3152, 2270, 1096], [1268, 2991, 1886, 861, 1870, 2966]]
[[2857, 1148, 2024, 3025, 2278, 1095], [1269, 2800, 1886, 1004, 1868, 2967]]
[[2857, 1272, 2025, 2951, 2284, 1092], [1269, 2749, 1886, 1039, 1866, 2970]]
[[2857, 1224, 2026, 2991, 2287, 1094], [1264, 2829, 1882, 963, 1865, 2979]]
[[2857, 1040, 2026, 3105, 2286, 1096], [1264, 3009, 1882, 853, 1875, 2987]]
[[2863, 831, 2026, 3198, 2284, 1087], [1256, 3200, 1882, 770, 1893, 3009]]
[[2863, 769, 2025, 3231, 2280, 1096], [1215, 3320, 1882, 714, 1917, 3010]]
[[2862, 882, 2024, 3192, 2287, 1124], [1154, 3437, 1882, 703, 1974, 3032]]
[[2857, 1116, 2024, 3064, 2300, 1127], [1131, 3555, 1884, 691, 1988, 3029]]
[[2857, 1212, 2025, 3004, 2308, 1121], [1132, 3562, 1885, 685, 1985, 3016]]
[[2847, 1162, 2026, 3068, 2309, 1122], [1170, 3489, 1885, 690, 1964, 3006]]
[[2852, 970, 2026, 3173, 2291, 1119], [1200, 3302, 1885, 692, 1937, 2975]]
[[2898, 700, 2026, 3258, 2249, 1100], [1185, 3080, 1885, 727, 1920, 2951]]
[[3012, 579, 2026, 3272, 2188, 1107], [1168, 2910, 1885, 804, 1918, 2954]]
[[3037, 578, 2026, 3254, 2176, 1105], [1171, 2898, 1883, 796, 1913, 2963]]
[[2979, 581, 2025, 3246, 2209, 1104], [1177, 3023, 1882, 720, 1914, 2965]]
[[2924, 624, 2024, 3251, 2247, 1106], [1177, 3202, 1882, 665, 1924, 2986]]
[[2885, 797, 2024, 3220, 2270, 1122], [1154, 3365, 1882, 642, 1950, 2993]]
[[2868, 1033, 2024, 3126, 2285, 1123], [1096, 3498, 1882, 649, 1990, 2993]]
[[2867, 1131, 2025, 3068, 2288, 1119], [1084, 3522, 1885, 658, 2000, 2989]]
[[2857, 1091, 2026, 3116, 2293, 1119], [1131, 3474, 1886, 649, 1983, 2975]]
[[2862, 933, 2026, 3186, 2286, 1107], [1199, 3312, 1886, 664, 1939, 2967]]
[[2863, 781, 2026, 3236, 2280, 1100], [1239, 3135, 1886, 732, 1903, 2966]]
[[2863, 733, 2026, 3251, 2278, 1100], [1261, 3062, 1886, 757, 1879, 2966]]
[[2863, 733, 2026, 3254, 2275, 1101], [1256, 3077, 1883, 723, 1868, 2965]]
[[2937, 733, 2026, 3269, 2242, 1109], [1174, 3107, 1883, 678, 1896, 2962]]
[[3118, 733, 2026, 3274, 2166, 1113], [1022, 3110, 1883, 658, 1964, 2959]]
[[3271, 733, 2026, 3277, 2111, 1114], [867, 3110, 1883, 655, 2034, 2960]]
[[3344, 733, 2026, 3276, 2088, 1114], [796, 3110, 1883, 661, 2064, 2963]]
[[3326, 733, 2026, 3272, 2097, 1113], [832, 3110, 1883, 664, 2049, 2964]]
[[3230, 733, 2026, 3272, 2132, 1111], [941, 3110, 1883, 669, 2003, 2965]]
[[3092, 733, 2026, 3272, 2180, 1110], [1087, 3110, 1883, 680, 1939, 2967]]
[[2944, 733, 2026, 3269, 2237, 1109], [1235, 3110, 1883, 696, 1871, 2970]]
[[2825, 733, 2026, 3264, 2294, 1105], [1331, 3110, 1883, 714, 1820, 2977]]
[[2814, 733, 2026, 3264, 2298, 1105], [1325, 3110, 1883, 710, 1817, 2978]]
[[2912, 733, 2026, 3272, 2250, 1110], [1215, 3110, 1883, 688, 1868, 2972]]
[[3090, 733, 2026, 3270, 2175, 1110], [1052, 3110, 1883, 680, 1942, 2972]]
[[3251, 733, 2026, 3269, 2117, 1111], [906, 3110, 1883, 674, 2001, 2973]]
[[3364, 733, 2026, 3268, 2079, 1112], [791, 3110, 1883, 676, 2047, 2973]]
[[3398, 733, 2026, 3261, 2072, 1112], [770, 3110, 1883, 688, 2053, 2976]]
[[3290, 733, 2026, 3261, 2109, 1110], [905, 3110, 1883, 686, 1996, 2977]]
[[3107, 733, 2026, 3256, 2184, 1105], [1096, 3110, 1883, 700, 1910, 2978]]
[[2953, 733, 2026, 3245, 2244, 1100], [1203, 3110, 1883, 713, 1860, 2979]]
[[2938, 735, 2025, 3242, 2250, 1103], [1186, 3113, 1882, 703, 1864, 2984]]
[[2943, 773, 2024, 3239, 2251, 1112], [1162, 3204, 1882, 674, 1888, 2987]]
[[2938, 913, 2024, 3209, 2260, 1126], [1156, 3344, 1882, 647, 1908, 2991]]
[[2914, 1094, 2024, 3139, 2284, 1127], [1156, 3461, 1882, 644, 1932, 2997]]
[[2894, 1190, 2024, 3091, 2299, 1127], [1156, 3504, 1883, 648, 1943, 3000]]
[[2897, 1183, 2026, 3119, 2298, 1124], [1152, 3488, 1885, 657, 1949, 2992]]
[[2913, 1078, 2026, 3160, 2281, 1117], [1152, 3397, 1885, 649, 1938, 2977]]
[[2918, 907, 2026, 3224, 2272, 1108], [1158, 3269, 1885, 653, 1924, 2957]]
[[2923, 751, 2026, 3271, 2260, 1105], [1160, 3138, 1885, 667, 1920, 2937]]
[[2927, 658, 2026, 3284, 2243, 1106], [1166, 3045, 1885, 696, 1916, 2933]]
[[2927, 653, 2026, 3285, 2242, 1106], [1167, 3043, 1883, 688, 1909, 2938]]
[[2926, 666, 2024, 3280, 2246, 1114], [1167, 3102, 1882, 658, 1908, 2947]]
[[2922, 743, 2024, 3272, 2252, 1122], [1167, 3233, 1882, 613, 1909, 2955]]
[[2867, 804, 2024, 3246, 2278, 1118], [1201, 3328, 1882, 608, 1902, 2976]]
[[2840, 802, 2025, 3265, 2291, 1121], [1187, 3336, 1883, 593, 1898, 2967]]