[[2749, 709, 2026, 3308, 2343, 1121], [1381, 3248, 1883, 727, 1738, 3037]]
[[2750, 709, 2026, 3309, 2342, 1121], [1381, 3248, 1883, 726, 1738, 3037]]
[[2750, 709, 2026, 3314, 2342, 1121], [1386, 3248, 1883, 725, 1738, 3037]]
[[2753, 709, 2026, 3314, 2340, 1121], [1390, 3248, 1883, 726, 1738, 3037]]
[[2754, 709, 2026, 3314, 2336, 1121], [1383, 3248, 1883, 719, 1746, 3040]]
[[2845, 709, 2026, 3333, 2276, 1122], [1276, 3248, 1883, 659, 1842, 3020]]
[[3109, 709, 2026, 3330, 2129, 1121], [1005, 3248, 1883, 664, 1995, 3017]]
[[3384, 709, 2026, 3296, 2015, 1118], [744, 3248, 1883, 669, 2129, 3017]]
[[3527, 709, 2026, 3296, 1958, 1119], [652, 3248, 1883, 649, 2183, 3014]]
[[3385, 709, 2026, 3314, 2018, 1117], [844, 3249, 1883, 642, 2107, 3016]]
[[3088, 709, 2026, 3308, 2146, 1116], [1128, 3249, 1883, 682, 1960, 3023]]
[[2859, 710, 2026, 3295, 2257, 1115], [1319, 3248, 1883, 708, 1854, 3027]]
[[2735, 710, 2026, 3293, 2323, 1113], [1392, 3248, 1884, 719, 1813, 3031]]
[[2789, 710, 2026, 3299, 2295, 1114], [1293, 3248, 1883, 703, 1857, 3029]]
[[3046, 709, 2026, 3293, 2170, 1114], [1056, 3248, 1883, 706, 1979, 3027]]
[[3321, 709, 2026, 3272, 2054, 1114], [812, 3248, 1883, 708, 2088, 3023]]
[[3504, 709, 2026, 3280, 1984, 1115], [644, 3248, 1883, 698, 2159, 3019]]
[[3550, 709, 2026, 3283, 1970, 1115], [620, 3248, 1883, 685, 2170, 3019]]
[[3421, 709, 2026, 3305, 2013, 1116], [781, 3248, 1883, 671, 2101, 3020]]
[[3172, 709, 2026, 3306, 2124, 1116], [1014, 3248, 1883, 689, 1980, 3023]]
[[2917, 711, 2026, 3304, 2243, 1114], [1230, 3248, 1883, 712, 1882, 3026]]
[[2725, 712, 2026, 3293, 2342, 1114], [1381, 3247, 1884, 728, 1811, 3033]]
[[2672, 712, 2026, 3283, 2375, 1112], [1414, 3248, 1883, 723, 1788, 3034]]
[[2806, 712, 2026, 3305, 2297, 1115], [1260, 3248, 1883, 698, 1860, 3026]]
[[3100, 710, 2026, 3300, 2149, 1115], [983, 3248, 1883, 712, 1996, 3025]]
[[3371, 710, 2026, 3291, 2035, 1116], [757, 3248, 1883, 712, 2090, 3022]]
[[3534, 709, 2026, 3296, 1969, 1117], [630, 3248, 1883, 704, 2139, 3020]]
[[3530, 709, 2026, 3304, 1971, 1117], [676, 3248, 1883, 694, 2127, 3020]]
[[3346, 709, 2026, 3318, 2039, 1117], [870, 3248, 1883, 693, 2056, 3021]]
[[3049, 709, 2026, 3315, 2161, 1116], [1134, 3248, 1883, 714, 1941, 3025]]
[[2805, 709, 2026, 3312, 2274, 1114], [1322, 3248, 1883, 728, 1846, 3031]]
[[2742, 709, 2026, 3307, 2306, 1113], [1352, 3248, 1883, 726, 1824, 3032]]
[[2894, 709, 2026, 3320, 2226, 1116], [1166, 3248, 1882, 718, 1911, 3028]]
[[3198, 709, 2026, 3293, 2088, 1113], [902, 3249, 1882, 739, 2037, 3028]]
[[3424, 709, 2026, 3278, 1997, 1115], [739, 3258, 1882, 736, 2111, 3024]]
[[3433, 699, 2026, 3288, 1998, 1114], [779, 3312, 1882, 703, 2092, 3023]]
[[3245, 685, 2026, 3321, 2089, 1113], [986, 3316, 1885, 687, 1993, 3028]]
[[3004, 687, 2026, 3310, 2197, 1113], [1214, 3294, 1885, 718, 1879, 3034]]
[[2780, 687, 2026, 3287, 2302, 1108], [1329, 3289, 1885, 724, 1821, 3038]]
[[2808, 699, 2024, 3296, 2287, 1111], [1262, 3259, 1885, 710, 1849, 3034]]
[[3038, 836, 2024, 3259, 2177, 1116], [997, 3114, 1885, 796, 1983, 3035]]
[[3315, 1018, 2024, 3156, 2059, 1112], [750, 2973, 1885, 921, 2109, 3041]]
[[3503, 1156, 2025, 3082, 1968, 1108], [615, 2896, 1885, 979, 2180, 3044]]
[[3530, 1179, 2025, 3081, 1959, 1107], [608, 2885, 1885, 979, 2191, 3046]]
[[3464, 1131, 2026, 3129, 2001, 1109], [704, 2919, 1882, 931, 2149, 3046]]
[[3281, 1009, 2026, 3198, 2100, 1113], [891, 3000, 1882, 877, 2051, 3044]]
[[3040, 853, 2026, 3254, 2217, 1113], [1112, 3119, 1882, 819, 1932, 3045]]
[[2857, 720, 2026, 3299, 2310, 1110], [1273, 3228, 1882, 750, 1846, 3045]]
[[2795, 692, 2026, 3309, 2344, 1111], [1309, 3248, 1882, 739, 1819, 3045]]
[[2843, 695, 2024, 3308, 2316, 1113], [1220, 3233, 1885, 738, 1867, 3042]]
[[3045, 802, 2024, 3277, 2212, 1118], [999, 3104, 1885, 820, 1986, 3040]]
[[3273, 1020, 2024, 3168, 2098, 1114], [787, 2926, 1885, 957, 2099, 3047]]
[[3441, 1223, 2024, 3077, 2007, 1108], [658, 2800, 1885, 1038, 2166, 3049]]
[[3478, 1326, 2026, 3056, 1990, 1106], [634, 2766, 1882, 1042, 2180, 3055]]
[[3444, 1248, 2026, 3104, 2014, 1109], [708, 2822, 1882, 988, 2138, 3053]]
[[3321, 1078, 2026, 3199, 2083, 1116], [841, 2928, 1882, 910, 2056, 3051]]
[[2949, 758, 2026, 3318, 2268, 1115], [1176, 3151, 1882, 776, 1869, 3053]]
[[2812, 703, 2026, 3335, 2337, 1112], [1303, 3218, 1882, 745, 1798, 3054]]
[[2872, 717, 2024, 3345, 2310, 1117], [1166, 3168, 1886, 744, 1874, 3044]]
[[3140, 877, 2024, 3285, 2183, 1118], [898, 2970, 1886, 875, 2014, 3049]]
[[3379, 1127, 2024, 3164, 2080, 1112], [683, 2790, 1886, 997, 2118, 3054]]
[[3514, 1313, 2025, 3085, 2018, 1106], [608, 2702, 1886, 1045, 2163, 3059]]
[[3510, 1326, 2026, 3095, 2024, 1105], [631, 2727, 1882, 1026, 2152, 3059]]
[[3427, 1199, 2026, 3168, 2068, 1111], [725, 2821, 1882, 955, 2099, 3055]]
[[3257, 1001, 2026, 3263, 2173, 1115], [898, 2966, 1882, 872, 1998, 3055]]
[[3019, 806, 2026, 3318, 2279, 1110], [1104, 3123, 1882, 784, 1893, 3056]]
[[2855, 716, 2026, 3338, 2354, 1105], [1220, 3219, 1882, 731, 1836, 3057]]
[[2863, 718, 2026, 3336, 2350, 1107], [1218, 3225, 1882, 730, 1839, 3057]]
[[2863, 718, 2026, 3337, 2350, 1107], [1218, 3224, 1885, 730, 1840, 3055]]
[[2860, 718, 2026, 3339, 2350, 1111], [1218, 3223, 1885, 730, 1838, 3039]]
[[2857, 717, 2026, 3325, 2364, 1227], [1230, 3223, 1885, 732, 1801, 2892]]
[[2856, 716, 2026, 3345, 2395, 1456], [1246, 3223, 1885, 709, 1795, 2713]]
[[2843, 716, 2026, 3352, 2418, 1599], [1251, 3223, 1885, 689, 1826, 2477]]
[[2833, 716, 2026, 3354, 2424, 1630], [1251, 3223, 1885, 689, 1836, 2449]]
[[2833, 716, 2026, 3354, 2421, 1555], [1251, 3225, 1883, 671, 1843, 2611]]
[[2833, 716, 2026, 3344, 2444, 1246], [1251, 3225, 1883, 679, 1768, 2921]]
[[2818, 716, 2026, 3336, 2441, 1042], [1252, 3226, 1883, 683, 1782, 3025]]
[[2807, 716, 2026, 3342, 2432, 1060], [1247, 3222, 1885, 696, 1800, 3015]]
[[2822, 772, 2024, 3343, 2425, 1073], [1230, 3112, 1886, 739, 1815, 3006]]
[[2825, 972, 2024, 3291, 2422, 1095], [1216, 2897, 1886, 862, 1823, 2996]]
[[2823, 1219, 2024, 3162, 2424, 1093], [1219, 2720, 1886, 989, 1820, 2996]]
[[2819, 1367, 2025, 3073, 2428, 1091], [1220, 2655, 1886, 1045, 1821, 2997]]
[[2824, 1327, 2026, 3088, 2428, 1087], [1217, 2733, 1882, 1025, 1833, 2999]]
[[2824, 1140, 2026, 3170, 2426, 1081], [1223, 2908, 1882, 944, 1835, 3007]]
[[2824, 903, 2026, 3252, 2423, 1073], [1226, 3103, 1882, 846, 1838, 3011]]
[[2825, 724, 2026, 3293, 2412, 1065], [1235, 3252, 1882, 775, 1836, 3015]]
[[2825, 678, 2026, 3313, 2413, 1062], [1245, 3284, 1884, 757, 1833, 3016]]
[[2826, 689, 2024, 3315, 2419, 1065], [1243, 3241, 1885, 761, 1831, 3011]]
[[2829, 783, 2024, 3306, 2420, 1079], [1238, 3086, 1885, 827, 1832, 3007]]
[[2822, 969, 2024, 3238, 2431, 1085], [1253, 2880, 1885, 948, 1818, 3006]]
[[2802, 1176, 2024, 3137, 2448, 1088], [1275, 2710, 1885, 1064, 1792, 3007]]
[[2775, 1318, 2024, 3052, 2472, 1086], [1275, 2623, 1885, 1130, 1783, 3010]]
[[2792, 1314, 2026, 3046, 2467, 1075], [1245, 2673, 1882, 1092, 1803, 3018]]
[[2830, 1171, 2026, 3132, 2444, 1074], [1221, 2842, 1882, 969, 1827, 3019]]
[[2845, 964, 2026, 3219, 2429, 1068], [1242, 3039, 1882, 857, 1831, 3019]]