[[3050, 1522, 2805, 2218, 1559, 2243], [1041, 3523, 1911, 467, 1883, 3433]]
[[3053, 1522, 2805, 2209, 1557, 2245], [1041, 3523, 1911, 467, 1884, 3433]]
[[3053, 1522, 2805, 2207, 1557, 2246], [1041, 3523, 1911, 467, 1884, 3433]]
[[3055, 1522, 2805, 2201, 1550, 2252], [1041, 3523, 1911, 467, 1884, 3433]]
[[3058, 1522, 2805, 2199, 1552, 2252], [1046, 3523, 1911, 468, 1880, 3429]]
[[3051, 1524, 2805, 2199, 1567, 2252], [1070, 3521, 1911, 481, 1854, 3414]]
[[3047, 1525, 2805, 2191, 1576, 2251], [1126, 3484, 1911, 491, 1856, 3420]]
[[3042, 1525, 2803, 2194, 1587, 2251], [1241, 3427, 1911, 528, 1800, 3433]]
[[3045, 1525, 2803, 2192, 1591, 2264], [1277, 3382, 1910, 539, 1762, 3502]]
[[3048, 1526, 2802, 2188, 1589, 2271], [1284, 3320, 1910, 538, 1773, 3527]]
[[3044, 1559, 2802, 2172, 1594, 2271], [1274, 3241, 1909, 567, 1793, 3527]]
[[3030, 1609, 2802, 2143, 1592, 2265], [1188, 3205, 1907, 537, 1855, 3512]]
[[2993, 1596, 2803, 2192, 1594, 2261], [1037, 3321, 1907, 487, 1977, 3495]]
[[3011, 1547, 2803, 2228, 1590, 2261], [956, 3486, 1907, 430, 2047, 3483]]
[[3034, 1542, 2805, 2223, 1591, 2275], [989, 3529, 1910, 437, 2019, 3474]]
[[3039, 1542, 2810, 2202, 1588, 2276], [1076, 3501, 1911, 447, 1985, 3470]]
[[3049, 1546, 2825, 2203, 1578, 2277], [1120, 3477, 1911, 476, 1936, 3454]]
[[3061, 1550, 2825, 2194, 1580, 2282], [1254, 3405, 1908, 521, 1822, 3495]]
[[3065, 1552, 2822, 2183, 1580, 2289], [1257, 3379, 1911, 519, 1826, 3514]]
[[3063, 1595, 2822, 2165, 1581, 2289], [1261, 3281, 1909, 553, 1828, 3522]]
[[3070, 1698, 2822, 2109, 1589, 2289], [1246, 3204, 1908, 587, 1846, 3528]]
[[3067, 1710, 2823, 2115, 1570, 2289], [1140, 3206, 1907, 551, 1913, 3518]]
[[3049, 1677, 2824, 2149, 1556, 2289], [994, 3277, 1907, 522, 2030, 3503]]
[[3052, 1605, 2824, 2202, 1559, 2289], [952, 3410, 1907, 484, 2080, 3476]]
[[3055, 1581, 2824, 2215, 1560, 2289], [967, 3501, 1907, 469, 2064, 3465]]
[[3055, 1581, 2825, 2214, 1561, 2289], [1007, 3512, 1910, 482, 2025, 3451]]
[[3055, 1581, 2825, 2205, 1565, 2284], [1094, 3474, 1910, 500, 1978, 3455]]
[[3066, 1581, 2825, 2192, 1565, 2292], [1212, 3413, 1910, 529, 1879, 3470]]
[[3077, 1586, 2825, 2175, 1562, 2299], [1232, 3349, 1910, 555, 1856, 3487]]
[[3087, 1594, 2822, 2177, 1561, 2300], [1239, 3259, 1908, 598, 1860, 3493]]
[[3088, 1653, 2821, 2165, 1560, 2296], [1196, 3180, 1908, 626, 1891, 3491]]
[[3084, 1696, 2821, 2152, 1553, 2291], [1045, 3164, 1908, 618, 1984, 3489]]
[[3048, 1691, 2823, 2179, 1553, 2284], [920, 3249, 1907, 586, 2062, 3485]]
[[3047, 1617, 2822, 2227, 1556, 2283], [904, 3389, 1907, 526, 2073, 3478]]
[[3071, 1565, 2824, 2227, 1549, 2283], [959, 3469, 1907, 491, 2045, 3477]]
[[3090, 1565, 2825, 2184, 1534, 2285], [1038, 3486, 1910, 487, 2000, 3476]]
[[3094, 1565, 2825, 2172, 1529, 2286], [1095, 3463, 1910, 502, 1958, 3473]]
[[3099, 1569, 2825, 2161, 1525, 2289], [1221, 3404, 1910, 534, 1872, 3489]]
[[3120, 1570, 2824, 2144, 1518, 2297], [1247, 3331, 1910, 548, 1850, 3505]]
[[3120, 1601, 2822, 2135, 1518, 2297], [1246, 3231, 1910, 591, 1851, 3517]]
[[3137, 1688, 2821, 2101, 1528, 2297], [1176, 3144, 1910, 622, 1894, 3519]]
[[3137, 1701, 2821, 2099, 1505, 2297], [999, 3135, 1907, 608, 1980, 3521]]
[[3100, 1691, 2824, 2099, 1496, 2297], [922, 3245, 1907, 600, 2038, 3570]]
[[3091, 1654, 2824, 2117, 1497, 2297], [930, 3421, 1907, 538, 2042, 3601]]
[[3091, 1617, 2824, 2144, 1500, 2298], [971, 3519, 1907, 489, 2024, 3608]]
[[3091, 1580, 2824, 2162, 1512, 2298], [1010, 3522, 1910, 495, 1987, 3587]]
[[3091, 1573, 2825, 2163, 1518, 2296], [1057, 3500, 1911, 525, 1972, 3512]]
[[3091, 1573, 2825, 2162, 1519, 2294], [1073, 3494, 1911, 538, 1972, 3466]]
[[3091, 1573, 2825, 2165, 1521, 2291], [1137, 3451, 1911, 552, 1975, 3449]]
[[3096, 1573, 2824, 2170, 1526, 2295], [1213, 3408, 1911, 588, 1903, 3512]]
[[3105, 1574, 2823, 2167, 1516, 2302], [1235, 3329, 1911, 601, 1889, 3556]]
[[3119, 1577, 2822, 2163, 1511, 2305], [1231, 3226, 1911, 639, 1911, 3592]]
[[3120, 1577, 2822, 2166, 1512, 2312], [1219, 3159, 1910, 665, 1914, 3605]]
[[3119, 1578, 2821, 2171, 1509, 2314], [1110, 3127, 1909, 642, 1943, 3597]]
[[3113, 1574, 2821, 2184, 1513, 2314], [932, 3185, 1907, 611, 2053, 3558]]
[[3086, 1567, 2821, 2202, 1525, 2314], [872, 3356, 1907, 551, 2101, 3535]]
[[3058, 1538, 2821, 2226, 1528, 2314], [923, 3504, 1907, 503, 2088, 3526]]
[[3061, 1540, 2823, 2220, 1548, 2314], [992, 3508, 1910, 508, 2016, 3503]]
[[3071, 1541, 2824, 2200, 1556, 2314], [1058, 3471, 1910, 521, 1998, 3490]]
[[3077, 1546, 2824, 2195, 1553, 2314], [1095, 3445, 1910, 537, 1977, 3467]]
[[3084, 1564, 2824, 2188, 1553, 2318], [1221, 3394, 1908, 561, 1878, 3508]]
[[3099, 1565, 2822, 2180, 1542, 2319], [1230, 3341, 1910, 564, 1873, 3540]]
[[3103, 1617, 2822, 2165, 1541, 2320], [1227, 3207, 1910, 626, 1884, 3552]]
[[3103, 1669, 2821, 2140, 1544, 2320], [1154, 3104, 1910, 663, 1920, 3554]]
[[3074, 1664, 2822, 2153, 1517, 2318], [1018, 3088, 1907, 656, 2001, 3551]]
[[3036, 1628, 2824, 2183, 1525, 2316], [931, 3193, 1907, 616, 2070, 3542]]
[[3042, 1570, 2822, 2215, 1530, 2316], [917, 3357, 1907, 546, 2086, 3531]]
[[3046, 1559, 2823, 2220, 1545, 2316], [960, 3487, 1907, 509, 2080, 3531]]
[[3066, 1559, 2824, 2215, 1543, 2316], [1003, 3492, 1910, 509, 2041, 3513]]
[[3072, 1559, 2825, 2200, 1543, 2316], [1063, 3464, 1910, 524, 2012, 3488]]
[[3078, 1563, 2825, 2195, 1542, 2318], [1114, 3430, 1910, 537, 2006, 3485]]
[[3084, 1563, 2823, 2194, 1539, 2320], [1206, 3384, 1910, 562, 1913, 3531]]
[[3092, 1586, 2822, 2185, 1535, 2320], [1214, 3300, 1910, 592, 1918, 3560]]
[[3093, 1672, 2821, 2142, 1544, 2320], [1209, 3168, 1908, 655, 1917, 3568]]
[[3091, 1713, 2821, 2122, 1524, 2320], [1105, 3115, 1908, 644, 1967, 3568]]
[[3058, 1683, 2824, 2138, 1519, 2319], [962, 3154, 1907, 621, 2055, 3563]]
[[3056, 1609, 2824, 2179, 1523, 2319], [908, 3291, 1907, 574, 2097, 3552]]
[[3078, 1566, 2824, 2172, 1503, 2300], [922, 3422, 1907, 536, 2105, 3547]]
[[3105, 1558, 2825, 2154, 1481, 2296], [980, 3497, 1907, 510, 2068, 3540]]
[[3110, 1558, 2825, 2134, 1477, 2296], [1050, 3486, 1910, 513, 2005, 3510]]
[[3122, 1558, 2825, 2131, 1470, 2299], [1128, 3435, 1911, 533, 1971, 3516]]
[[3156, 1558, 2825, 2097, 1440, 2312], [1240, 3360, 1910, 573, 1847, 3552]]
[[3162, 1586, 2822, 2081, 1431, 2315], [1254, 3271, 1910, 600, 1829, 3561]]
[[3160, 1678, 2821, 2052, 1450, 2315], [1243, 3160, 1908, 655, 1831, 3566]]
[[3095, 1722, 2821, 2039, 1444, 2315], [1143, 3142, 1908, 626, 1911, 3565]]
[[3055, 1628, 2824, 2113, 1447, 2313], [945, 3274, 1907, 580, 2059, 3567]]
[[3099, 1546, 2825, 2150, 1444, 2317], [951, 3415, 1907, 537, 2069, 3575]]
[[3110, 1526, 2825, 2156, 1435, 2327], [1006, 3486, 1907, 512, 2033, 3573]]
[[3116, 1526, 2825, 2146, 1438, 2328], [1063, 3483, 1910, 513, 1964, 3535]]
[[3125, 1526, 2825, 2144, 1435, 2328], [1146, 3432, 1910, 527, 1970, 3502]]
[[3137, 1526, 2825, 2144, 1436, 2330], [1240, 3375, 1910, 562, 1853, 3555]]
[[3149, 1529, 2825, 2144, 1435, 2332], [1252, 3294, 1910, 582, 1844, 3581]]
[[3153, 1541, 2822, 2145, 1435, 2332], [1245, 3167, 1909, 641, 1848, 3586]]
[[3146, 1629, 2821, 2131, 1440, 2332], [1174, 3122, 1910, 645, 1889, 3586]]
[[3104, 1652, 2824, 2121, 1431, 2331], [1037, 3148, 1907, 608, 1985, 3576]]
[[3083, 1607, 2824, 2152, 1435, 2330], [947, 3270, 1907, 567, 2062, 3561]]