[[2949, 1359, 3177, 2810, 2081, 1875], [908, 2791, 751, 1010, 1958, 1824]]
[[2943, 1359, 3177, 2804, 2096, 1892], [908, 2791, 751, 1011, 1959, 1818]]
[[2943, 1359, 3178, 2801, 2095, 1900], [908, 2791, 751, 1011, 1960, 1818]]
[[2943, 1359, 3178, 2801, 2092, 1900], [908, 2791, 751, 1011, 1963, 1818]]
[[2943, 1359, 3178, 2801, 2092, 1898], [908, 2791, 751, 1012, 1965, 1814]]
[[2943, 1359, 3178, 2801, 2091, 1889], [909, 2791, 751, 1010, 1966, 1809]]
[[2943, 1359, 3178, 2800, 2093, 1888], [909, 2791, 751, 1011, 1962, 1809]]
[[2943, 1359, 3178, 2797, 2096, 1888], [909, 2791, 751, 1013, 1953, 1803]]
[[2943, 1359, 3178, 2792, 2094, 1892], [909, 2791, 751, 1013, 1960, 1792]]
[[2943, 1359, 3178, 2791, 2093, 1893], [909, 2791, 751, 1011, 1962, 1798]]
[[2943, 1359, 3178, 2791, 2091, 1888], [909, 2791, 751, 1010, 1972, 1798]]
[[2944, 1359, 3178, 2795, 2097, 1864], [900, 2791, 751, 1024, 1986, 1807]]
[[2947, 1359, 3178, 2805, 2098, 1839], [898, 2791, 751, 1036, 2000, 1837]]
[[2949, 1359, 3178, 2824, 2103, 1797], [885, 2791, 750, 1060, 2016, 1865]]
[[2950, 1359, 3178, 2828, 2124, 1792], [881, 2791, 750, 1059, 1986, 1864]]
[[2949, 1359, 3178, 2823, 2122, 1808], [887, 2791, 750, 1044, 1958, 1858]]
[[2949, 1359, 3178, 2819, 2117, 1825], [887, 2791, 750, 1045, 1972, 1857]]
[[2950, 1359, 3178, 2817, 2114, 1823], [877, 2791, 750, 1075, 1992, 1899]]
[[2964, 1362, 3178, 2826, 2124, 1804], [849, 2791, 750, 1109, 2011, 2004]]
[[2984, 1362, 3178, 2849, 2133, 1775], [824, 2791, 750, 1144, 2029, 2141]]
[[2995, 1362, 3176, 2890, 2129, 1671], [826, 2791, 750, 1178, 2040, 2232]]
[[3000, 1363, 3176, 2927, 2125, 1583], [832, 2791, 750, 1212, 2058, 2328]]
[[3017, 1363, 3175, 2959, 2125, 1499], [832, 2791, 750, 1238, 2073, 2428]]
[[3043, 1363, 3175, 2995, 2105, 1401], [839, 2791, 750, 1260, 2096, 2554]]
[[3064, 1363, 3175, 3016, 2058, 1339], [868, 2789, 750, 1263, 2106, 2671]]
[[3086, 1363, 3174, 3021, 1994, 1318], [889, 2789, 741, 1255, 2120, 2784]]
[[3098, 1363, 3174, 2992, 1945, 1315], [894, 2789, 694, 1187, 2131, 2824]]
[[3098, 1363, 3174, 2972, 1955, 1301], [898, 2789, 639, 1109, 2136, 2852]]
[[3098, 1363, 3174, 2953, 1960, 1286], [898, 2789, 626, 1089, 2137, 2854]]
[[3098, 1363, 3174, 2953, 1961, 1287], [898, 2789, 626, 1088, 2137, 2854]]
[[3097, 1363, 3174, 2953, 1961, 1289], [898, 2789, 626, 1088, 2136, 2847]]
[[3096, 1363, 3174, 2953, 1962, 1293], [897, 2789, 626, 1087, 2135, 2834]]
[[3093, 1363, 3174, 2953, 1963, 1306], [894, 2789, 626, 1087, 2131, 2807]]
[[3086, 1362, 3174, 2950, 1964, 1360], [887, 2789, 627, 1083, 2116, 2711]]
[[3068, 1360, 3174, 2938, 1979, 1461], [865, 2789, 629, 1070, 2090, 2568]]
[[3046, 1360, 3176, 2900, 2018, 1604], [835, 2789, 629, 1030, 2062, 2355]]
[[3018, 1360, 3177, 2847, 2054, 1705], [832, 2789, 629, 979, 2035, 2160]]
[[3008, 1359, 3177, 2814, 2060, 1787], [843, 2789, 629, 920, 2005, 2044]]
[[3008, 1359, 3177, 2788, 2056, 1852], [845, 2790, 629, 884, 1996, 1957]]
[[3008, 1359, 3178, 2767, 2042, 1912], [855, 2790, 630, 853, 1992, 1897]]
[[3013, 1360, 3188, 2755, 2023, 1974], [858, 2790, 630, 831, 1984, 1877]]
[[3008, 1363, 3191, 2745, 2022, 1992], [870, 2790, 630, 836, 1967, 1912]]
[[3011, 1363, 3191, 2750, 2074, 1980], [864, 2790, 630, 855, 1901, 2065]]
[[3014, 1363, 3191, 2769, 2089, 1984], [870, 2791, 630, 871, 1885, 2168]]
[[3009, 1363, 3191, 2771, 2077, 1962], [866, 2791, 630, 876, 1928, 2081]]
[[2998, 1360, 3191, 2755, 2060, 2006], [868, 2790, 630, 835, 1968, 1926]]
[[2992, 1360, 3191, 2734, 2045, 2041], [868, 2789, 634, 799, 2011, 1746]]
[[2991, 1360, 3192, 2724, 2055, 2158], [872, 2791, 690, 791, 2032, 1605]]
[[2994, 1359, 3210, 2703, 2086, 2442], [903, 2792, 770, 796, 2041, 1470]]
[[2990, 1363, 3256, 2735, 2119, 2587], [931, 2795, 792, 818, 2063, 1338]]
[[2959, 1364, 3307, 2783, 2150, 2719], [979, 2795, 792, 803, 2096, 1223]]
[[2940, 1364, 3363, 2838, 2175, 2854], [1032, 2795, 792, 802, 2101, 1095]]
[[2939, 1364, 3421, 2909, 2195, 2907], [1059, 2795, 792, 830, 2091, 1027]]
[[2939, 1364, 3463, 2963, 2210, 2894], [1063, 2795, 793, 862, 2076, 1010]]
[[2939, 1364, 3491, 2999, 2214, 2892], [1066, 2795, 793, 883, 2078, 1001]]
[[2940, 1364, 3493, 3004, 2208, 2877], [1062, 2795, 793, 879, 2075, 1015]]
[[2948, 1364, 3490, 3004, 2198, 2783], [1022, 2795, 793, 888, 2053, 1112]]
[[2980, 1364, 3490, 3014, 2183, 2680], [968, 2795, 793, 919, 1998, 1264]]
[[3010, 1364, 3472, 3023, 2160, 2534], [905, 2795, 792, 953, 1980, 1398]]
[[3028, 1364, 3444, 3025, 2130, 2352], [850, 2795, 789, 1006, 1977, 1531]]
[[3044, 1363, 3404, 3043, 2094, 2185], [809, 2795, 788, 1060, 1986, 1685]]
[[3057, 1361, 3360, 3063, 2081, 2033], [785, 2803, 788, 1103, 1999, 1831]]
[[3060, 1363, 3336, 3069, 2088, 1958], [765, 2823, 788, 1105, 2018, 1912]]
[[3064, 1363, 3313, 3074, 2087, 1897], [764, 2825, 788, 1129, 2029, 1987]]
[[3064, 1363, 3290, 3075, 2081, 1803], [766, 2825, 788, 1161, 2041, 2068]]
[[3065, 1363, 3270, 3073, 2061, 1689], [772, 2825, 788, 1184, 2053, 2129]]
[[3065, 1363, 3262, 3074, 2035, 1616], [782, 2825, 788, 1203, 2065, 2176]]
[[3066, 1363, 3262, 3093, 2010, 1558], [800, 2825, 788, 1224, 2074, 2256]]
[[3086, 1364, 3262, 3115, 1976, 1537], [806, 2825, 788, 1236, 2082, 2348]]
[[3106, 1364, 3262, 3137, 1955, 1546], [817, 2825, 788, 1248, 2083, 2462]]
[[3110, 1364, 3244, 3152, 1956, 1537], [839, 2824, 788, 1244, 2085, 2568]]
[[3106, 1364, 3198, 3105, 1960, 1464], [874, 2824, 788, 1228, 2089, 2659]]
[[3098, 1364, 3165, 3060, 1957, 1306], [924, 2822, 788, 1219, 2088, 2747]]
[[3081, 1364, 3152, 3041, 1954, 1239], [960, 2822, 788, 1210, 2083, 2781]]
[[3065, 1363, 3143, 3032, 1956, 1185], [994, 2822, 788, 1202, 2084, 2836]]
[[3043, 1360, 3130, 3022, 1964, 1148], [1019, 2822, 788, 1191, 2090, 2867]]
[[3036, 1360, 3116, 3005, 1982, 1116], [1020, 2822, 788, 1188, 2100, 2880]]
[[3036, 1360, 3114, 3000, 1989, 1119], [1014, 2822, 788, 1193, 2099, 2873]]
[[3038, 1360, 3114, 2990, 1992, 1194], [994, 2822, 788, 1198, 2086, 2814]]
[[3040, 1360, 3114, 2976, 2003, 1284], [957, 2822, 788, 1196, 2057, 2669]]
[[3037, 1360, 3114, 2955, 2051, 1430], [933, 2822, 791, 1168, 1990, 2534]]
[[3036, 1359, 3116, 2920, 2053, 1545], [921, 2822, 791, 1127, 1943, 2399]]
[[3035, 1359, 3116, 2874, 2046, 1645], [899, 2822, 791, 1089, 1941, 2236]]
[[3019, 1359, 3117, 2833, 2040, 1741], [897, 2822, 791, 1034, 1949, 2026]]
[[3003, 1359, 3117, 2783, 2048, 1838], [898, 2822, 791, 984, 1954, 1853]]
[[2982, 1359, 3120, 2750, 2048, 1925], [912, 2822, 791, 945, 1972, 1732]]
[[2958, 1359, 3135, 2734, 2046, 2006], [936, 2822, 791, 916, 1985, 1644]]
[[2930, 1359, 3136, 2706, 2041, 2070], [969, 2822, 792, 889, 1997, 1575]]
[[2919, 1359, 3137, 2672, 2033, 2159], [984, 2822, 792, 845, 2013, 1487]]
[[2905, 1359, 3137, 2631, 2052, 2252], [999, 2822, 792, 820, 2032, 1417]]
[[2890, 1363, 3137, 2585, 2074, 2359], [1023, 2822, 792, 788, 2033, 1350]]
[[2878, 1363, 3137, 2548, 2076, 2468], [1055, 2822, 792, 748, 2050, 1262]]
[[2870, 1363, 3137, 2518, 2095, 2598], [1080, 2822, 792, 705, 2068, 1172]]
[[2867, 1364, 3137, 2501, 2100, 2670], [1097, 2822, 792, 684, 2074, 1128]]
[[2867, 1364, 3137, 2492, 2113, 2720], [1101, 2822, 792, 675, 2082, 1097]]
[[2867, 1364, 3137, 2489, 2113, 2724], [1101, 2822, 792, 675, 2078, 1103]]
[[2872, 1364, 3137, 2497, 2081, 2641], [1100, 2822, 792, 692, 2029, 1209]]
[[2877, 1364, 3135, 2546, 2027, 2426], [1084, 2822, 792, 761, 1957, 1417]]
[[2900, 1364, 3135, 2625, 2004, 2187], [1031, 2823, 790, 857, 1935, 1627]]
[[2926, 1364, 3135, 2708, 2013, 1960], [975, 2824, 789, 974, 1942, 1828]]
[[2950, 1364, 3135, 2781, 2043, 1772], [936, 2824, 789, 1069, 1961, 1988]]
[[2962, 1364, 3135, 2841, 2079, 1640], [910, 2824, 788, 1147, 2002, 2124]]
[[2976, 1364, 3135, 2905, 2104, 1502], [909, 2824, 788, 1205, 2028, 2292]]
[[3020, 1364, 3134, 2952, 2082, 1406], [909, 2822, 788, 1219, 2036, 2430]]