[[3282, 2045, 2086, 2056, 2006, 1739], [1124, 2163, 2134, 1945, 1837, 1949]]
[[3263, 2045, 2088, 2054, 2031, 1739], [1124, 2164, 2133, 1945, 1837, 1949]]
[[3254, 2045, 2088, 2050, 2031, 1739], [1124, 2164, 2133, 1945, 1837, 1949]]
[[3245, 2045, 2088, 2049, 2021, 1739], [1124, 2164, 2133, 1945, 1837, 1949]]
[[3237, 2041, 2088, 2046, 1998, 1739], [1124, 2165, 2133, 1945, 1837, 1949]]
[[3227, 2032, 2086, 2056, 1997, 1739], [1124, 2165, 2133, 1945, 1837, 1949]]
[[3230, 2031, 2089, 2058, 1997, 1739], [1121, 2166, 2133, 1945, 1837, 1949]]
[[3253, 2027, 2092, 2042, 1992, 1739], [1112, 2171, 2131, 1942, 1837, 1949]]
[[3245, 1975, 2120, 2042, 1992, 1739], [1080, 2203, 2130, 1936, 1837, 1949]]
[[3216, 1926, 2164, 2040, 1992, 1739], [1097, 2231, 2095, 1940, 1837, 1949]]
[[3208, 1899, 2223, 2036, 1992, 1739], [1128, 2237, 2003, 1943, 1837, 1949]]
[[3210, 1888, 2294, 2037, 1992, 1739], [1124, 2247, 1892, 1945, 1837, 1949]]
[[3219, 1887, 2366, 2036, 1992, 1739], [1110, 2248, 1792, 1953, 1837, 1949]]
[[3243, 1864, 2429, 2021, 1965, 1739], [1061, 2247, 1730, 1963, 1837, 1949]]
[[3272, 1856, 2448, 2023, 1961, 1739], [1005, 2240, 1717, 1955, 1837, 1949]]
[[3284, 1844, 2448, 2024, 1948, 1739], [1011, 2247, 1717, 1950, 1837, 1949]]
[[3270, 1844, 2449, 2016, 1864, 1739], [1011, 2248, 1717, 1953, 1837, 1949]]
[[3243, 1843, 2450, 2008, 1786, 1739], [1012, 2250, 1710, 1979, 1837, 1949]]
[[3222, 1835, 2447, 1938, 1787, 1739], [1011, 2250, 1710, 2052, 1837, 1949]]
[[3221, 1814, 2450, 1898, 1824, 1739], [1010, 2265, 1709, 2127, 1837, 1949]]
[[3239, 1757, 2450, 1848, 1813, 1736], [1011, 2321, 1710, 2196, 1837, 1949]]
[[3225, 1693, 2450, 1825, 1823, 1733], [1012, 2377, 1710, 2196, 1922, 1949]]
[[3179, 1641, 2450, 1832, 1913, 1746], [1017, 2404, 1710, 2187, 2048, 1949]]
[[3137, 1580, 2450, 1889, 1986, 1791], [1017, 2425, 1709, 2131, 2048, 1949]]
[[3094, 1489, 2450, 1972, 2044, 1807], [1023, 2427, 1709, 2078, 2061, 1949]]
[[3072, 1401, 2450, 2055, 2057, 1809], [1034, 2430, 1704, 2089, 2073, 1949]]
[[3065, 1332, 2450, 2098, 2057, 1799], [1076, 2427, 1636, 2126, 2099, 1949]]
[[3059, 1294, 2451, 2140, 2050, 1780], [1102, 2402, 1483, 2101, 2108, 1949]]
[[3062, 1279, 2452, 2142, 2048, 1778], [1086, 2336, 1306, 1995, 2108, 1949]]
[[3065, 1278, 2490, 2138, 2048, 1783], [1085, 2262, 1152, 1916, 2108, 1949]]
[[3047, 1277, 2590, 2182, 2048, 1785], [1086, 2188, 1006, 1877, 2108, 1949]]
[[3036, 1278, 2722, 2294, 2057, 1808], [1088, 2110, 874, 1851, 2108, 1949]]
[[3029, 1278, 2840, 2383, 2095, 1823], [1101, 2046, 765, 1843, 2108, 1949]]
[[3020, 1278, 2945, 2413, 2097, 1819], [1128, 1984, 681, 1840, 2108, 1949]]
[[3002, 1278, 3038, 2453, 2105, 1817], [1152, 1924, 613, 1845, 2108, 1949]]
[[2983, 1277, 3107, 2508, 2141, 1816], [1153, 1871, 553, 1849, 2108, 1949]]
[[2979, 1277, 3161, 2551, 2177, 1815], [1153, 1822, 500, 1852, 2108, 1949]]
[[2970, 1277, 3207, 2574, 2191, 1815], [1153, 1780, 447, 1854, 2108, 1949]]
[[2950, 1277, 3248, 2594, 2194, 1812], [1153, 1736, 398, 1855, 2108, 1949]]
[[2931, 1277, 3274, 2620, 2214, 1809], [1145, 1694, 362, 1853, 2086, 1949]]
[[2912, 1277, 3287, 2650, 2225, 1804], [1145, 1660, 343, 1855, 2080, 1949]]
[[2887, 1276, 3294, 2655, 2226, 1800], [1152, 1647, 330, 1856, 2080, 1949]]
[[2843, 1276, 3297, 2658, 2226, 1790], [1152, 1646, 322, 1857, 2080, 1949]]
[[2812, 1276, 3297, 2661, 2230, 1783], [1152, 1646, 319, 1862, 2080, 1949]]
[[2803, 1276, 3297, 2662, 2235, 1781], [1152, 1646, 319, 1869, 2080, 1949]]
[[2810, 1276, 3296, 2664, 2244, 1780], [1152, 1646, 320, 1877, 2080, 1949]]
[[2827, 1277, 3293, 2668, 2256, 1780], [1151, 1648, 324, 1872, 2080, 1949]]
[[2841, 1278, 3288, 2680, 2278, 1780], [1144, 1648, 326, 1850, 2080, 1949]]
[[2846, 1278, 3288, 2689, 2281, 1783], [1144, 1660, 326, 1817, 2080, 1949]]
[[2846, 1279, 3287, 2698, 2293, 1787], [1144, 1661, 327, 1799, 2080, 1949]]
[[2854, 1288, 3287, 2708, 2312, 1792], [1144, 1662, 332, 1785, 2080, 1949]]
[[2876, 1288, 3287, 2709, 2330, 1796], [1140, 1672, 369, 1802, 2080, 1949]]
[[2900, 1284, 3286, 2712, 2350, 1799], [1120, 1726, 416, 1801, 2080, 1949]]
[[2932, 1279, 3286, 2721, 2373, 1805], [1101, 1808, 465, 1775, 2080, 1949]]
[[2961, 1289, 3286, 2726, 2392, 1811], [1101, 1890, 522, 1723, 2080, 1949]]
[[2977, 1290, 3291, 2724, 2395, 1817], [1101, 1971, 584, 1665, 2080, 1949]]
[[2995, 1290, 3296, 2721, 2407, 1817], [1101, 2048, 645, 1613, 2075, 1949]]
[[3008, 1290, 3297, 2720, 2416, 1818], [1101, 2111, 695, 1563, 2054, 1949]]
[[3015, 1290, 3298, 2710, 2418, 1819], [1101, 2170, 743, 1505, 2034, 1949]]
[[3019, 1290, 3298, 2699, 2418, 1817], [1100, 2232, 793, 1420, 2003, 1949]]
[[3030, 1291, 3299, 2698, 2418, 1818], [1093, 2300, 849, 1313, 1962, 1949]]
[[3040, 1292, 3329, 2702, 2418, 1818], [1086, 2372, 912, 1229, 1933, 1949]]
[[3045, 1293, 3358, 2726, 2418, 1820], [1083, 2429, 1006, 1182, 1922, 1949]]
[[3050, 1293, 3367, 2756, 2418, 1827], [1083, 2490, 1136, 1147, 1920, 1949]]
[[3056, 1293, 3369, 2756, 2418, 1830], [1083, 2572, 1291, 1123, 1910, 1949]]
[[3060, 1293, 3371, 2749, 2418, 1834], [1083, 2662, 1459, 1117, 1908, 1949]]
[[3052, 1293, 3397, 2728, 2458, 1830], [1093, 2745, 1625, 1126, 1906, 1949]]
[[3031, 1296, 3456, 2741, 2492, 1821], [1106, 2821, 1775, 1142, 1897, 1949]]
[[3012, 1335, 3505, 2742, 2502, 1817], [1110, 2898, 1901, 1141, 1897, 1949]]
[[3006, 1385, 3550, 2732, 2503, 1807], [1116, 2964, 2002, 1112, 1915, 1949]]
[[3010, 1416, 3592, 2722, 2503, 1794], [1127, 3200, 2074, 1110, 1921, 1949]]
[[3009, 1431, 3618, 2722, 2503, 1788], [1126, 3004, 2106, 1118, 1936, 1948]]
[[3006, 1435, 3626, 2722, 2503, 1786], [1106, 3200, 2109, 1106, 1942, 1947]]