[[2972, 1063, 2786, 3204, 2235, 717], [1038, 2977, 1111, 465, 2159, 3280]]
[[2972, 1063, 2786, 3204, 2236, 717], [1039, 2977, 1111, 463, 2161, 3277]]
[[2972, 1063, 2786, 3204, 2236, 717], [1037, 2998, 1111, 449, 2167, 3268]]
[[2972, 1063, 2786, 3205, 2238, 717], [1033, 3014, 1112, 448, 2169, 3266]]
[[2987, 1063, 2785, 3207, 2238, 717], [1006, 3012, 1112, 447, 2174, 3265]]
[[3021, 1063, 2785, 3207, 2233, 717], [985, 3012, 1112, 447, 2182, 3265]]
[[3009, 1063, 2785, 3209, 2236, 717], [1005, 3012, 1112, 444, 2177, 3263]]
[[2981, 1063, 2785, 3214, 2241, 717], [996, 3012, 1112, 446, 2179, 3263]]
[[3037, 1063, 2785, 3215, 2232, 718], [955, 3012, 1112, 446, 2188, 3263]]
[[3026, 1063, 2785, 3215, 2233, 718], [988, 3012, 1112, 451, 2182, 3265]]
[[2887, 1069, 2784, 3209, 2253, 713], [1134, 2953, 1113, 462, 2147, 3274]]
[[2805, 1177, 2784, 3208, 2277, 713], [1142, 2773, 1112, 500, 2114, 3287]]
[[2921, 1345, 2784, 3162, 2254, 719], [987, 2623, 1112, 561, 2150, 3287]]
[[3089, 1470, 2784, 3076, 2200, 719], [861, 2541, 1112, 646, 2204, 3290]]
[[3060, 1481, 2787, 3069, 2222, 714], [942, 2547, 1109, 636, 2156, 3292]]
[[2898, 1417, 2789, 3127, 2300, 714], [1105, 2619, 1109, 590, 2066, 3290]]
[[2812, 1293, 2789, 3193, 2344, 713], [1193, 2728, 1109, 540, 2023, 3288]]
[[2833, 1171, 2787, 3239, 2328, 714], [1145, 2836, 1111, 497, 2063, 3276]]
[[2998, 1108, 2786, 3252, 2276, 719], [969, 2893, 1111, 488, 2132, 3269]]
[[3222, 1099, 2786, 3249, 2247, 722], [815, 2924, 1111, 480, 2148, 3269]]
[[3261, 1099, 2786, 3247, 2241, 722], [835, 2924, 1111, 477, 2146, 3270]]
[[3059, 1101, 2786, 3244, 2268, 716], [1008, 2921, 1112, 481, 2086, 3274]]
[[2871, 1109, 2785, 3237, 2308, 713], [1158, 2842, 1112, 510, 2025, 3281]]
[[2801, 1212, 2772, 3223, 2335, 713], [1185, 2697, 1112, 556, 2006, 3279]]
[[2845, 1376, 2772, 3166, 2329, 716], [1077, 2535, 1112, 656, 2054, 3280]]
[[2994, 1516, 2772, 3087, 2269, 717], [892, 2420, 1112, 768, 2154, 3282]]
[[3107, 1584, 2772, 3026, 2225, 715], [843, 2402, 1112, 792, 2176, 3284]]
[[3025, 1568, 2781, 3044, 2271, 711], [942, 2436, 1109, 743, 2119, 3287]]
[[2892, 1478, 2819, 3149, 2340, 712], [1088, 2537, 1109, 659, 2032, 3287]]
[[2796, 1344, 2837, 3222, 2380, 711], [1178, 2688, 1109, 567, 1991, 3287]]
[[2843, 1223, 2834, 3253, 2355, 713], [1128, 2835, 1111, 504, 2042, 3277]]
[[3033, 1175, 2814, 3252, 2274, 718], [946, 2903, 1110, 481, 2176, 3271]]
[[3267, 1158, 2813, 3251, 2218, 719], [743, 2924, 1110, 465, 2280, 3258]]
[[3311, 1158, 2814, 3250, 2210, 720], [749, 2924, 1110, 449, 2273, 3261]]
[[3140, 1158, 2815, 3251, 2236, 717], [889, 2923, 1110, 446, 2238, 3273]]
[[2941, 1162, 2814, 3237, 2278, 715], [1067, 2904, 1111, 468, 2184, 3279]]
[[2805, 1182, 2813, 3236, 2305, 714], [1159, 2810, 1112, 493, 2150, 3284]]
[[2794, 1298, 2813, 3214, 2312, 715], [1137, 2680, 1112, 539, 2149, 3284]]
[[2886, 1460, 2813, 3155, 2293, 716], [990, 2533, 1112, 640, 2220, 3288]]
[[3035, 1596, 2813, 3052, 2232, 715], [847, 2443, 1112, 753, 2297, 3291]]
[[3081, 1640, 2815, 3014, 2216, 713], [864, 2436, 1110, 755, 2286, 3293]]
[[2961, 1578, 2826, 3071, 2282, 708], [991, 2504, 1109, 678, 2208, 3296]]
[[2869, 1428, 2837, 3181, 2329, 709], [1090, 2644, 1109, 578, 2149, 3296]]
[[2863, 1276, 2835, 3240, 2324, 710], [1095, 2783, 1109, 496, 2152, 3292]]
[[2973, 1196, 2833, 3248, 2280, 714], [971, 2878, 1109, 472, 2216, 3282]]
[[3167, 1173, 2833, 3243, 2235, 718], [804, 2933, 1109, 457, 2268, 3269]]
[[3235, 1159, 2833, 3238, 2231, 719], [799, 2937, 1109, 453, 2281, 3270]]
[[3111, 1141, 2834, 3237, 2254, 715], [984, 2933, 1111, 450, 2236, 3279]]
[[3011, 1142, 2834, 3236, 2269, 713], [1148, 2842, 1112, 480, 2177, 3287]]
[[2997, 1143, 2834, 3236, 2275, 713], [1145, 2684, 1112, 543, 2165, 3293]]
[[3000, 1143, 2834, 3234, 2276, 713], [960, 2538, 1112, 638, 2240, 3294]]
[[3003, 1143, 2834, 3232, 2277, 713], [720, 2461, 1112, 738, 2355, 3295]]
[[3003, 1143, 2834, 3232, 2279, 713], [669, 2454, 1112, 763, 2367, 3295]]
[[3001, 1142, 2834, 3231, 2279, 713], [815, 2455, 1109, 723, 2293, 3297]]
[[2997, 1141, 2834, 3222, 2279, 712], [1024, 2471, 1109, 708, 2169, 3298]]
[[2997, 1141, 2834, 3222, 2280, 712], [1196, 2550, 1109, 658, 2058, 3299]]
[[2988, 1141, 2834, 3224, 2280, 712], [1213, 2708, 1109, 554, 2023, 3292]]
[[2988, 1141, 2834, 3231, 2281, 712], [1079, 2833, 1110, 487, 2078, 3262]]
[[2990, 1141, 2834, 3232, 2281, 712], [856, 2840, 1110, 488, 2132, 3261]]
[[2991, 1141, 2834, 3232, 2281, 712], [804, 2840, 1110, 497, 2159, 3261]]
[[2988, 1141, 2833, 3234, 2281, 712], [1006, 2840, 1110, 495, 2099, 3272]]
[[2988, 1143, 2833, 3239, 2282, 713], [1196, 2826, 1112, 499, 2039, 3276]]
[[2987, 1143, 2833, 3240, 2282, 713], [1265, 2734, 1112, 525, 2020, 3287]]
[[2987, 1143, 2833, 3237, 2280, 713], [1217, 2602, 1112, 563, 2045, 3299]]
[[2987, 1143, 2833, 3236, 2280, 713], [1045, 2485, 1112, 621, 2133, 3349]]
[[2987, 1143, 2833, 3235, 2280, 713], [853, 2420, 1112, 699, 2252, 3396]]
[[2987, 1143, 2833, 3235, 2282, 713], [841, 2409, 1112, 718, 2287, 3423]]
[[2984, 1141, 2833, 3226, 2281, 713], [1041, 2424, 1110, 714, 2192, 3433]]
[[2959, 1141, 2833, 3224, 2283, 712], [1199, 2550, 1109, 643, 2107, 3427]]
[[2944, 1141, 2833, 3222, 2284, 712], [1179, 2732, 1109, 533, 2112, 3404]]
[[2950, 1141, 2833, 3225, 2282, 712], [1001, 2828, 1109, 466, 2204, 3340]]
[[2950, 1141, 2833, 3225, 2280, 712], [781, 2837, 1109, 479, 2288, 3301]]
[[2950, 1141, 2833, 3226, 2279, 712], [749, 2837, 1109, 497, 2310, 3288]]
[[2949, 1141, 2833, 3227, 2279, 712], [946, 2835, 1109, 488, 2249, 3317]]
[[2948, 1143, 2833, 3229, 2279, 712], [1160, 2828, 1111, 508, 2155, 3317]]
[[2946, 1143, 2833, 3229, 2280, 712], [1242, 2737, 1112, 541, 2119, 3327]]
[[2948, 1143, 2833, 3229, 2282, 712], [1162, 2577, 1112, 606, 2150, 3332]]
[[2950, 1143, 2833, 3229, 2284, 712], [920, 2461, 1112, 707, 2274, 3333]]
[[2950, 1142, 2833, 3228, 2285, 712], [765, 2435, 1112, 767, 2352, 3333]]
[[2950, 1141, 2833, 3224, 2286, 712], [886, 2442, 1109, 747, 2285, 3343]]
[[2941, 1141, 2833, 3223, 2290, 712], [1070, 2537, 1109, 681, 2166, 3342]]
[[2911, 1138, 2833, 3222, 2291, 712], [1154, 2708, 1109, 557, 2110, 3337]]
[[2925, 1085, 2833, 3239, 2286, 714], [1088, 2859, 1111, 491, 2135, 3314]]
[[3219, 1077, 2802, 3232, 2246, 719], [744, 2880, 1110, 490, 2229, 3303]]
[[3173, 1077, 2802, 3232, 2251, 717], [850, 2880, 1110, 479, 2202, 3310]]
[[3014, 1080, 2802, 3228, 2274, 713], [1071, 2878, 1112, 492, 2126, 3319]]
[[2875, 1082, 2797, 3233, 2295, 712], [1199, 2852, 1112, 500, 2088, 3321]]
[[2817, 1138, 2790, 3222, 2307, 712], [1211, 2714, 1112, 566, 2084, 3326]]
[[2840, 1263, 2790, 3189, 2307, 714], [1115, 2542, 1112, 675, 2111, 3334]]
[[2947, 1388, 2790, 3149, 2292, 717], [923, 2421, 1112, 776, 2198, 3334]]
[[3057, 1466, 2790, 3105, 2257, 717], [833, 2396, 1112, 812, 2236, 3335]]
[[3026, 1468, 2793, 3112, 2276, 713], [931, 2406, 1110, 783, 2188, 3343]]
[[2893, 1396, 2820, 3190, 2333, 713], [1119, 2489, 1109, 704, 2081, 3341]]
[[2839, 1264, 2835, 3254, 2350, 712], [1168, 2649, 1109, 577, 2048, 3335]]
[[2949, 1202, 2832, 3263, 2308, 716], [1042, 2769, 1109, 519, 2112, 3323]]
[[3145, 1202, 2832, 3243, 2262, 718], [861, 2832, 1109, 503, 2172, 3310]]
[[3274, 1202, 2832, 3233, 2242, 718], [771, 2834, 1109, 503, 2203, 3306]]